//0
0.7
0.9
301.5
369
0
Minsk

//1
1.5
0.95
251.7
555
3000
Warsaw

//2
1.5
1
134
222
3000
Prague

//3
1.5
1.115
72.7
391
3000
Vein

//4
1.5
1.5
494
287
3000
Milan

//5
1.5
1.35
228
346
3000
Marseilles

//6
1.5
1.17
166
0
3000
Barselona

//7
1.5
0.813
219
407
3000
Kiev

//8
1.5
0.871
64.6
80
3000
Kishinev

//9
1.5
4.5
357
143
3000
Bucharest

//10
1.5
0.948
215
182
3000
Sofia

//11
1.5
1.438
609
0
3000
Athens