//0
1
25.000000
500.000000
0.003000
60
0.000000
0
0.000000
0
0
0
0.000000


//1
2
25.000000
500.000000
0.003000
60
0.000000
0
0.000000
0
0
0
0.000000


//2
0
25.000000
500.000000
0.003000
60
0.000000
0
0.000000
0
0
0
0.000000


//3
0
25.000000
500.000000
0.003000
60
0.000000
0
0.000000
0
0
0
0.000000


//4
0
25.000000
500.000000
0.003000
60
0.000000
0
0.000000
0
0
0
0.000000


//5
0
25.000000
500.000000
0.003000
60
0.000000
0
0.000000
0
0
0
0.000000
